00000000000000000000000000010011
00000000111001100000010000110011
01000000100001100000010100110011
11111100111001010000011110010011
00000000100000010010011100000011
00000000111010011000001010110011
00000000111000010010001000100011
00000000101000001000110001100011
00000001010000101010001110000011
00000000001001011000001110010011
00000000011100101010011000100011
01000000011101011000000100110011
00000000001100101111011100110011
00000000111000101010100000100011
00000000000100001000011001100011
00000000111001100000010000110011
01000000100001100000010100110011
11111100111001010000011110010011
00000000100000010010011100000011
00000001001101110000001010110011
00000001010000010010011100000011
00000000000101110000011001100011
00000000111001100000011110110011
10000000001001111011000011101111
00000000011100110000001010110011
00000000011100110000001010110011
