10010011
00000000
01000000
00000000
00100011
00100000
00010000
00000000
10010011
00000000
00110000
00000000
00100011
00100010
00010000
00000000
10010011
00000000
00100000
00000000
00100011
00100100
00010000
00000000
10010011
00000000
00010000
00000000
00100011
00100110
00010000
00000000
00010011
00000010
00000000
00000000
00010011
00000011
00000000
00000000
10010011
00000011
00110000
00000000
01100011
00001100
01110011
00000110
00110011
10000100
01100011
01000000
10010011
00000100
00000000
00000000
01100011
10001110
10000100
00000010
00110011
10000101
10010100
00000000
00110011
00000101
10100101
00000000
00110011
00000101
01000101
00000000
10000011
00100101
00000101
00000000
00010011
00000110
01000101
00000000
10000011
00100110
00000110
00000000
01100011
11000110
10110110
00000000
10010011
10000100
00010100
00000000
11100011
00001100
00000000
01111010
00100011
00100000
10110110
00000000
00100011
00100000
11010101
00000000
10010011
10000100
00010100
00000000
11100011
00000010
00000000
01111010
00010011
00000011
00010011
00000000
11100011
00000100
00000000
01110110
10010011
00000000
00010000
00000000
